[bookmeagame_.jpg]
filters=autolight=1;Boost=1,19.298244;enhance=1;fill=1,0.093458;autolight=1;autocolor=1;autolight=1;finetune2=1,0.000000,0.210526,0.261053,00000000,1.000000;
moddate=044b3618bf67cf01
width=800
height=172
textactive=0
